5
5
89
56
8
1
2
3
4
6
7
9
5
5
89
56
8
1
2
3
4
6
7
9
5
5
89
56
8
1
2
3
4
6
7
9
5
5
89
56
8
1
2
3
4
6
7
9
5
5
89
56
8
1
2
3
4
6
7
9
5
5
89
56
8
1
2
3
4
6
7
9
5
5
89
56
8
1
2
3
4
6
7
9
5
5
89
56
8
1
2
3
4
6
7
9
5
5
89
56
8
1
2
3
4
6
7
9
5
5
89
56
8
1
2
3
4
6
7
9
5
5
89
56
8
1
2
3
4
6
7
9
5
5
89
56
8
1
2
3
4
6
7
9
5
5
89
56
8
1
2
3
4
6
7
9
5
5
89
56
8
1
2
3
4
6
7
9
5
5
89
56
8
1
2
3
4
6
7
9
5
5
89
56
8
1
2
3
4
6
7
9
5
5
89
56
8
1
2
3
4
6
7
9
5
5
89
56
8
1
2
3
4
6
7
9
5
5
89
56
8
1
2
3
4
6
7
9
5
5
89
56
8
1
2
3
4
6
7
9
5
5
89
56
8
1
2
3
4
6
7
9
5
5
89
56
8
1
2
3
4
6
7
9
5
5
89
56
8
1
2
3
4
6
7
9
